x
0 1
1 -6.735344 5.344307
2 -4.556344 9.069725999999999
3 -7.1029 11.944921
4 -11.940155 5.21161
5 -5.3032991 11.453763
6 -4.69958 10.428843
7 -10.172986 6.033565
8 -4.59326 12.304962
9 -12.87172 4.406905
10 -3.9488174 8.12673
11 -4.022319 9.214848999999999
12 -11.686879 6.162093
13 -3.761714 9.252079999999999
14 -5.479266 7.360416
15 -5.06945 7.5047603
16 -11.845027 4.637899
17 -4.05348 14.77271
18 -9.588827 6.4699556
19 -16.348926 5.169232
20 -7.388582 21.50245
21 -6.162726 13.357388
22 -6.4732118 4.826931
23 -4.35636 11.8092935
24 -5.3052052 9.6307119
25 -5.2233355 16.190568
26 -10.165954 5.835209
27 -6.952321 6.1070285
28 -16.437111 4.83665
29 -7.4060726 10.638833
30 -6.590456 6.533293
31 -7.89877202 9.06231
32 -3.14242 16.220794
33 -5.791559 5.42636
34 -5.791276 8.249753999999999
35 -10.53373 5.000502
36 -4.579717 10.897181
37 -7.457369 12.5286216
38 -4.511308 10.93177
39 -9.14996 5.070064
40 -11.129733 9.124625
41 -19.14942 5.3118
42 -12.662107 3.898716
43 -6.56534 13.3414204
44 -11.683281 6.77955
45 -7.26807 8.758041
46 -7.733509 6.8190171
47 -11.949383 11.656579
48 -16.298657 4.930759
49 -7.84122261 5.866389
50 -24.975241 4.5370289
51 -7.35131 5.381846
52 -7.03488083 4.4213843
53 -4.33202 15.9645663
54 -3.96163 36.21809
55 -10.2732091 3.870957
56 -85.53256 7.26711
57 -9.523467999999999 5.962017
58 -13.855758 5.25635
59 -5.91155 49.755542
60 -3.011137 21.340713
61 -11.968511 6.310101
62 -6.808326 19.29381638
63 -8.486533 4.673909
64 -5.871185 10.22564
65 -3.87013 26.545867
66 -6.510043 6.150683
67 -5.508147 13.275896
68 -4.7266212 13.919453
69 -4.308974 9.784547999999999
70 -8.918656 7.794783
71 -5.8974711 6.033573
72 -9.612828 5.213004
73 -13.5796782 4.1871551
74 -14.40489 6.8163494
75 -3.965671 8.169919999999999
76 -7.699354 6.654653
77 -8.382686 5.427357
78 -5.0494091 5.180094
79 -34.907451 3.98407
80 -7.241651 5.307706
81 -3.57282 21.916631
82 -5.428791 6.56507048
83 -13.141454 5.47764
84 -5.877516 7.8583092
85 -44.041948 3.6711
86 -10.746132 4.824336
87 -7.331196 8.733925299999999
88 -11.86679 6.234183
89 -9.209675000000001 7.16927
90 -19.09415 5.608882
91 -8.654042000000001 6.1505186
92 -8.49667 5.498154
93 -10.638036 6.559963
94 -5.300933 17.680474
95 -17.068536 4.049122
96 -6.842553 6.284551
97 -11.642865 5.49259
98 -11.5221833 10.742313
99 -4.34054 18.061434
100 -5.165736 8.443038
101 -6.735344 5.344307
102 -4.556344 9.069725999999999
103 -7.1029 11.944921
104 -11.940155 5.21161
105 -9.335269 11.453763
106 -4.69958 10.428843
107 -10.172986 6.033565
108 -4.59326 12.304962
109 -12.87172 4.406905
110 -3.9488174 8.12673
111 -4.022319 9.214848999999999
112 -11.686879 6.162093
113 -3.761714 9.252079999999999
114 -5.479266 7.360416
115 -5.06945 7.5047603
116 -11.845027 4.637899
117 -4.05348 14.77271
118 -9.588827 6.4699556
119 -16.348926 5.169232
120 -7.388582 21.50245
121 -6.162726 13.357388
122 -6.4732118 4.826931
123 -4.35636 11.8092935
124 -5.3052052 9.6307119
125 -5.2233355 16.190568
126 -10.165954 5.835209
127 -6.4472767 6.1070285
128 -16.437111 4.83665
129 -7.4060726 10.638833
130 -8.442603999999999 6.533293
131 -7.89877202 9.06231
132 -3.14242 16.220794
133 -5.791559 5.281493
134 -5.791276 8.249753999999999
135 -10.53373 5.000502
136 -4.579717 10.897181
137 -7.457369 12.5286216
138 -4.511308 10.93177
139 -9.14996 5.070064
140 -11.129733 9.124625
141 -19.14942 5.3118
142 -12.662107 3.898716
143 -6.56534 13.3414204
144 -14.609366 6.77955
145 -11.283678 8.758041
146 -7.733509 6.8190171
147 -11.949383 11.656579
148 -16.298657 4.930759
149 -7.84122261 5.866389
150 -24.975241 4.5370289
151 -7.35131 5.381846
152 -7.03488083 4.4213843
153 -4.33202 15.9645663
154 -3.96163 36.21809
155 -10.2732091 3.870957
156 -85.53256 7.26711
157 -9.523467999999999 5.962017
158 -13.855758 5.25635
159 -5.91155 49.755542
160 -3.011137 21.340713
161 -11.968511 6.310101
162 -6.808326 19.29381638
163 -8.486533 4.673909
164 -5.871185 10.22564
165 -3.87013 26.545867
166 -6.510043 6.150683
167 -5.508147 13.275896
168 -4.7266212 13.919453
169 -4.308974 9.784547999999999
170 -8.918656 7.794783
171 -5.8974711 6.033573
172 -9.612828 5.213004
173 -13.5796782 4.1871551
174 -14.40489 6.8163494
175 -3.965671 8.169919999999999
176 -7.699354 6.654653
177 -8.382686 5.427357
178 -5.0494091 5.180094
179 -34.907451 3.98407
180 -7.241651 5.307706
181 -3.57282 21.916631
182 -5.428791 6.56507048
183 -16.98646 5.47764
184 -5.877516 7.8583092
185 -44.041948 3.6711
186 -10.746132 4.824336
187 -7.331196 8.733925299999999
188 -11.86679 6.234183
189 -9.209675000000001 7.16927
190 -19.09415 5.608882
191 -8.654042000000001 6.1505186
192 -8.49667 5.498154
193 -10.638036 6.559963
194 -5.300933 17.680474
195 -17.068536 4.049122
196 -6.842553 6.284551
197 -11.642865 5.49259
198 -11.5221833 10.742313
199 -4.34054 18.061434
200 -5.165736 8.443038
201 -59.787448684 59.210863872
